from_stop_id,to_stop_id,transfer_type,min_transfer_time
1516,1515,2,300
1515,1516,2,300
2716,2715,2,300
2715,2716,2,300
2877,2687,2,300
2687,2877,2,300
3876,3875,2,300
3875,3876,2,300
3899,3900,2,300
3900,3899,2,300
1408,1407,2,180
1407,1408,2,180
1210,1211,2,180
1211,1210,2,180
1105,1104,2,180
1104,1105,2,180
2306,2301,2,180
2301,2306,2,180
2712,2714,2,180
2714,2712,2,180
2001,2002,2,180
2002,2001,2,180
2707,2712,2,180
2712,2707,2,180
2707,2714,2,240
2714,2707,2,240
2701,2707,2,240
2707,2701,2,240
2701,2712,2,180
2712,2701,2,180
2701,2714,2,180
2714,2701,2,180
5840,5216,2,375
5216,5840,2,375
5210,5204,2,180
5204,5210,2,180
1202,1210,2,180
1210,1202,2,180
1202,1211,2,180
1211,1202,2,180
2609,2687,2,180
2687,2609,2,180
2609,2877,2,180
2877,2609,2,180
1079,1202,2,180
1202,1079,2,180
1079,1210,2,180
1210,1079,2,180
1079,1211,2,180
1211,1079,2,180
1208,1079,2,180
1079,1208,2,180
1208,1202,2,180
1202,1208,2,180
1208,1210,2,180
1210,1208,2,180
1208,1211,2,240
1211,1208,2,240
1201,1079,2,180
1079,1201,2,180
1201,1202,2,180
1202,1201,2,180
1201,1208,2,180
1208,1201,2,180
1201,1210,2,180
1210,1201,2,180
1201,1211,2,180
1211,1201,2,180
1131,1079,2,180
1079,1131,2,180
1131,1201,2,180
1201,1131,2,180
1131,1202,2,180
1202,1131,2,180
1131,1208,2,240
1208,1131,2,240
1131,1210,2,240
1210,1131,2,240
1131,1211,2,240
1211,1131,2,240
2134,2798,2,375
2798,2134,2,375
1890,1860,2,180
1860,1890,2,180
2206,2213,2,180
2213,2206,2,180
7011,7003,2,180
7003,7011,2,180
49821,4216,2,300
4216,49821,2,300
21131,2206,2,300
2206,21131,2,300
21131,2213,2,300
2213,21131,2,300
21151,2701,2,300
2701,21151,2,300
21151,2707,2,300
2707,21151,2,300
21151,2712,2,300
2712,21151,2,300
21151,2714,2,300
2714,21151,2,300
23161,2001,2,300
2001,23161,2,300
23161,2002,2,300
2002,23161,2,300
18761,1515,2,300
1515,18761,2,300
18761,1516,2,300
1516,18761,2,300
19811,1407,2,300
1407,19811,2,300
19811,1408,2,300
1408,19811,2,300
18891,1079,2,300
1079,18891,2,300
18891,1131,2,300
1131,18891,2,300
18891,1201,2,300
1201,18891,2,300
18891,1202,2,300
1202,18891,2,300
18891,1208,2,300
1208,18891,2,300
18891,1210,2,300
1210,18891,2,300
18891,1211,2,300
1211,18891,2,300
79771,7903,2,300
7903,79771,2,300
79772,7903,2,300
7903,79772,2,300
79772,79771,2,300
79771,79772,2,300
78302,78301,2,300
78301,78302,2,300
18892,1079,2,300
1079,18892,2,300
18892,1131,2,300
1131,18892,2,300
18892,1201,2,300
1201,18892,2,300
18892,1202,2,300
1202,18892,2,300
18892,1208,2,300
1208,18892,2,300
18892,1210,2,300
1210,18892,2,300
18892,1211,2,300
1211,18892,2,300
18892,18891,2,300
18891,18892,2,300
19812,1407,2,300
1407,19812,2,300
19812,1408,2,300
1408,19812,2,300
19812,19811,2,300
19811,19812,2,300
18762,1515,2,300
1515,18762,2,300
18762,1516,2,300
1516,18762,2,300
18762,18761,2,300
18761,18762,2,300
23162,2001,2,300
2001,23162,2,300
23162,2002,2,300
2002,23162,2,300
23162,23161,2,300
23161,23162,2,300
21152,21151,2,300
21151,21152,2,300
21152,2701,2,300
2701,21152,2,300
21152,2707,2,300
2707,21152,2,300
21152,2712,2,300
2712,21152,2,300
21152,2714,2,300
2714,21152,2,300
21132,21131,2,300
21131,21132,2,300
21132,2206,2,300
2206,21132,2,300
21132,2213,2,300
2213,21132,2,300
49822,4216,2,300
4216,49822,2,300
49822,49821,2,300
49821,49822,2,300
11141,1104,2,300
1104,11141,2,300
11141,1105,2,300
1105,11141,2,300
11164,11163,2,180
11163,11164,2,180
11142,1104,2,300
1104,11142,2,300
11142,1105,2,300
1105,11142,2,300
11142,11141,2,300
11141,11142,2,300
2711,21151,2,180
21151,2711,2,180
2711,21152,2,180
21152,2711,2,180
2711,2701,2,180
2701,2711,2,180
2711,2707,2,180
2707,2711,2,180
2711,2712,2,180
2712,2711,2,180
2711,2714,2,180
2714,2711,2,180
2704,21151,2,180
21151,2704,2,180
2704,21152,2,180
21152,2704,2,180
2704,2701,2,180
2701,2704,2,180
2704,2707,2,180
2707,2704,2,180
2704,2711,2,180
2711,2704,2,180
2704,2712,2,180
2712,2704,2,180
2704,2714,2,180
2714,2704,2,180
5206,5204,2,180
5204,5206,2,180
5206,5210,2,180
5210,5206,2,180
5207,5204,2,180
5204,5207,2,180
5207,5206,2,180
5206,5207,2,180
5207,5210,2,180
5210,5207,2,180
7008,7003,2,180
7003,7008,2,180
7008,7011,2,240
7011,7008,2,240
5203,5204,2,180
5204,5203,2,180
5203,5206,2,180
5206,5203,2,180
5203,5207,2,180
5207,5203,2,180
5203,5210,2,180
5210,5203,2,180
5218,5216,2,240
5216,5218,2,240
5218,5840,2,180
5840,5218,2,180
5109,5104,2,180
5104,5109,2,180
3902,3899,2,240
3899,3902,2,240
3902,3900,2,375
3900,3902,2,375
2304,2301,2,180
2301,2304,2,180
2304,2306,2,180
2306,2304,2,180
7905,7903,2,180
7903,7905,2,180
7905,79771,2,180
79771,7905,2,180
7905,79772,2,240
79772,7905,2,240
2303,2301,2,180
2301,2303,2,180
2303,2304,2,180
2304,2303,2,180
2303,2306,2,180
2306,2303,2,180
5212,5216,2,180
5216,5212,2,180
5212,5218,2,180
5218,5212,2,180
5212,5840,2,240
5840,5212,2,240
7002,7003,2,180
7003,7002,2,180
7002,7008,2,375
7008,7002,2,375
7002,7011,2,180
7011,7002,2,180
7902,7903,2,180
7903,7902,2,180
7902,7905,2,180
7905,7902,2,180
7902,79771,2,180
79771,7902,2,180
7902,79772,2,180
79772,7902,2,180
2204,21131,2,180
21131,2204,2,180
2204,21132,2,180
21132,2204,2,180
2204,2206,2,180
2206,2204,2,180
2204,2213,2,180
2213,2204,2,180
2215,21131,2,180
21131,2215,2,180
2215,21132,2,180
21132,2215,2,180
2215,2204,2,180
2204,2215,2,180
2215,2206,2,180
2206,2215,2,180
2215,2213,2,180
2213,2215,2,180
3710,3705,2,180
3705,3710,2,180
3958,3705,3,
3705,3958,3,
3958,3710,3,
3710,3958,3,
3907,3899,2,240
3899,3907,2,240
3907,3900,2,240
3900,3907,2,240
3907,3902,2,375
3902,3907,2,375
4203,4216,2,180
4216,4203,2,180
4203,49821,2,180
49821,4203,2,180
4203,49822,2,180
49822,4203,2,180
4815,4806,2,180
4806,4815,2,180
4804,4806,2,180
4806,4804,2,180
4804,4815,2,180
4815,4804,2,180
4214,4203,2,180
4203,4214,2,180
4214,4216,2,180
4216,4214,2,180
4214,49821,2,180
49821,4214,2,180
4214,49822,2,180
49822,4214,2,180
3913,3899,2,375
3899,3913,2,375
3913,3900,2,375
3900,3913,2,375
3913,3902,2,180
3902,3913,2,180
3913,3907,2,180
3907,3913,2,180
1001,1002,1,
1002,1001,1,
1107,1104,2,180
1104,1107,2,180
1107,1105,2,180
1105,1107,2,180
1107,11141,2,180
11141,1107,2,180
1107,11142,2,240
11142,1107,2,240
1204,1079,2,180
1079,1204,2,180
1204,1131,2,240
1131,1204,2,240
1204,1201,2,180
1201,1204,2,180
1204,1202,2,180
1202,1204,2,180
1204,1208,2,180
1208,1204,2,180
1204,1210,2,180
1210,1204,2,180
1204,1211,2,240
1211,1204,2,240
1204,18891,2,375
18891,1204,2,375
1204,18892,2,240
18892,1204,2,240
1209,1079,2,180
1079,1209,2,180
1209,1131,2,240
1131,1209,2,240
1209,1201,2,180
1201,1209,2,180
1209,1202,2,180
1202,1209,2,180
1209,1204,2,180
1204,1209,2,180
1209,1208,2,180
1208,1209,2,180
1209,1210,2,180
1210,1209,2,180
1209,1211,2,180
1211,1209,2,180
1209,18891,2,240
18891,1209,2,240
1209,18892,2,180
18892,1209,2,180
6315,6317,2,180
6317,6315,2,180
6004,6006,2,180
6006,6004,2,180
1106,1104,2,180
1104,1106,2,180
1106,1105,2,180
1105,1106,2,180
1106,1107,2,180
1107,1106,2,180
1106,11141,2,180
11141,1106,2,180
1106,11142,2,180
11142,1106,2,180
6003,6004,2,180
6004,6003,2,180
6003,6006,2,180
6006,6003,2,180
1203,1079,2,180
1079,1203,2,180
1203,1131,2,180
1131,1203,2,180
1203,1201,2,180
1201,1203,2,180
1203,1202,2,180
1202,1203,2,180
1203,1204,2,180
1204,1203,2,180
1203,1208,2,180
1208,1203,2,180
1203,1209,2,180
1209,1203,2,180
1203,1210,2,180
1210,1203,2,180
1203,1211,2,180
1211,1203,2,180
1203,18891,2,240
18891,1203,2,240
1203,18892,2,180
18892,1203,2,180
7101,7902,2,180
7902,7101,2,180
7101,7903,2,240
7903,7101,2,240
7101,7905,2,240
7905,7101,2,240
7101,79771,2,180
79771,7101,2,180
7101,79772,2,180
79772,7101,2,180
7007,7002,2,240
7002,7007,2,240
7007,7003,2,180
7003,7007,2,180
7007,7008,2,180
7008,7007,2,180
7007,7011,2,240
7011,7007,2,240
7910,7101,2,240
7101,7910,2,240
7910,7902,2,180
7902,7910,2,180
7910,7903,2,180
7903,7910,2,180
7910,7905,2,180
7905,7910,2,180
7910,79771,2,240
79771,7910,2,240
7910,79772,2,180
79772,7910,2,180
7335,78301,2,240
78301,7335,2,240
7335,78302,2,180
78302,7335,2,180
7105,7101,2,180
7101,7105,2,180
7105,7902,2,180
7902,7105,2,180
7105,7903,2,240
7903,7105,2,240
7105,7905,2,240
7905,7105,2,240
7105,7910,2,240
7910,7105,2,240
7105,79771,2,180
79771,7105,2,180
7105,79772,2,180
79772,7105,2,180
7001,7002,2,180
7002,7001,2,180
7001,7003,2,240
7003,7001,2,240
7001,7007,2,375
7007,7001,2,375
7001,7008,2,375
7008,7001,2,375
7001,7011,2,180
7011,7001,2,180
6005,6003,2,180
6003,6005,2,180
6005,6004,2,180
6004,6005,2,180
6005,6006,2,180
6006,6005,2,180
7009,7001,2,375
7001,7009,2,375
7009,7002,2,240
7002,7009,2,240
7009,7003,2,180
7003,7009,2,180
7009,7007,2,180
7007,7009,2,180
7009,7008,2,180
7008,7009,2,180
7009,7011,2,240
7011,7009,2,240
6009,6003,2,180
6003,6009,2,180
6009,6004,2,180
6004,6009,2,180
6009,6005,2,180
6005,6009,2,180
6009,6006,2,180
6006,6009,2,180
6310,6315,2,240
6315,6310,2,240
6310,6317,2,180
6317,6310,2,180
5209,5203,2,180
5203,5209,2,180
5209,5204,2,180
5204,5209,2,180
5209,5206,2,180
5206,5209,2,180
5209,5207,2,180
5207,5209,2,180
5209,5210,2,180
5210,5209,2,180
1111,1104,2,180
1104,1111,2,180
1111,1105,2,180
1105,1111,2,180
1111,1106,2,180
1106,1111,2,180
1111,1107,2,180
1107,1111,2,180
1111,11141,2,180
11141,1111,2,180
1111,11142,2,240
11142,1111,2,240
1109,1104,2,180
1104,1109,2,180
1109,1105,2,180
1105,1109,2,180
1109,1106,2,180
1106,1109,2,180
1109,1107,2,180
1107,1109,2,180
1109,1111,2,180
1111,1109,2,180
1109,11141,2,180
11141,1109,2,180
1109,11142,2,240
11142,1109,2,240
6001,6003,2,180
6003,6001,2,180
6001,6004,2,180
6004,6001,2,180
6001,6005,2,180
6005,6001,2,180
6001,6006,2,180
6006,6001,2,180
6001,6009,2,180
6009,6001,2,180
6312,6310,2,180
6310,6312,2,180
6312,6315,2,180
6315,6312,2,180
6312,6317,2,180
6317,6312,2,180
7908,7101,2,240
7101,7908,2,240
7908,7105,2,240
7105,7908,2,240
7908,7902,2,180
7902,7908,2,180
7908,7903,2,180
7903,7908,2,180
7908,7905,2,180
7905,7908,2,180
7908,7910,2,180
7910,7908,2,180
7908,79771,2,180
79771,7908,2,180
7908,79772,2,240
79772,7908,2,240
7015,7001,2,180
7001,7015,2,180
7015,7002,2,180
7002,7015,2,180
7015,7003,2,240
7003,7015,2,240
7015,7007,2,240
7007,7015,2,240
7015,7008,2,375
7008,7015,2,375
7015,7009,2,375
7009,7015,2,375
7015,7011,2,180
7011,7015,2,180
1207,1079,2,240
1079,1207,2,240
1207,1131,2,240
1131,1207,2,240
1207,1201,2,240
1201,1207,2,240
1207,1202,2,180
1202,1207,2,180
1207,1203,2,180
1203,1207,2,180
1207,1204,2,180
1204,1207,2,180
1207,1208,2,180
1208,1207,2,180
1207,1209,2,180
1209,1207,2,180
1207,1210,2,180
1210,1207,2,180
1207,1211,2,240
1211,1207,2,240
1207,18891,2,375
18891,1207,2,375
1207,18892,2,240
18892,1207,2,240
7010,7001,2,240
7001,7010,2,240
7010,7002,2,240
7002,7010,2,240
7010,7003,2,180
7003,7010,2,180
7010,7007,2,180
7007,7010,2,180
7010,7008,2,180
7008,7010,2,180
7010,7009,2,180
7009,7010,2,180
7010,7011,2,180
7011,7010,2,180
7010,7015,2,240
7015,7010,2,240
7906,7101,2,240
7101,7906,2,240
7906,7105,2,240
7105,7906,2,240
7906,7902,2,180
7902,7906,2,180
7906,7903,2,180
7903,7906,2,180
7906,7905,2,180
7905,7906,2,180
7906,7908,2,180
7908,7906,2,180
7906,7910,2,180
7910,7906,2,180
7906,79771,2,240
79771,7906,2,240
7906,79772,2,240
79772,7906,2,240
7102,7101,2,180
7101,7102,2,180
7102,7105,2,180
7105,7102,2,180
7102,7902,2,240
7902,7102,2,240
7102,7903,2,180
7903,7102,2,180
7102,7905,2,240
7905,7102,2,240
7102,7906,2,375
7906,7102,2,375
7102,7908,2,240
7908,7102,2,240
7102,7910,2,240
7910,7102,2,240
7102,79771,2,180
79771,7102,2,180
7102,79772,2,180
79772,7102,2,180
6306,6310,2,240
6310,6306,2,240
6306,6312,2,180
6312,6306,2,180
6306,6315,2,180
6315,6306,2,180
6306,6317,2,180
6317,6306,2,180
7909,7101,2,240
7101,7909,2,240
7909,7102,2,240
7102,7909,2,240
7909,7105,2,240
7105,7909,2,240
7909,7902,2,180
7902,7909,2,180
7909,7903,2,180
7903,7909,2,180
7909,7905,2,180
7905,7909,2,180
7909,7906,2,180
7906,7909,2,180
7909,7908,2,180
7908,7909,2,180
7909,7910,2,180
7910,7909,2,180
7909,79771,2,180
79771,7909,2,180
7909,79772,2,240
79772,7909,2,240
6313,6306,2,180
6306,6313,2,180
6313,6310,2,180
6310,6313,2,180
6313,6312,2,180
6312,6313,2,180
6313,6315,2,180
6315,6313,2,180
6313,6317,2,180
6317,6313,2,180
7901,7101,2,240
7101,7901,2,240
7901,7102,2,240
7102,7901,2,240
7901,7105,2,240
7105,7901,2,240
7901,7902,2,180
7902,7901,2,180
7901,7903,2,180
7903,7901,2,180
7901,7905,2,180
7905,7901,2,180
7901,7906,2,180
7906,7901,2,180
7901,7908,2,180
7908,7901,2,180
7901,7909,2,180
7909,7901,2,180
7901,7910,2,180
7910,7901,2,180
7901,79771,2,180
79771,7901,2,180
7901,79772,2,240
79772,7901,2,240
7904,7101,2,240
7101,7904,2,240
7904,7102,2,240
7102,7904,2,240
7904,7105,2,180
7105,7904,2,180
7904,7901,2,180
7901,7904,2,180
7904,7902,2,180
7902,7904,2,180
7904,7903,2,180
7903,7904,2,180
7904,7905,2,180
7905,7904,2,180
7904,7906,2,180
7906,7904,2,180
7904,7908,2,180
7908,7904,2,180
7904,7909,2,180
7909,7904,2,180
7904,7910,2,180
7910,7904,2,180
7904,79771,2,180
79771,7904,2,180
7904,79772,2,180
79772,7904,2,180
6303,6306,2,180
6306,6303,2,180
6303,6310,2,180
6310,6303,2,180
6303,6312,2,180
6312,6303,2,180
6303,6313,2,180
6313,6303,2,180
6303,6315,2,180
6315,6303,2,180
6303,6317,2,180
6317,6303,2,180
6309,6303,2,180
6303,6309,2,180
6309,6306,2,180
6306,6309,2,180
6309,6310,2,180
6310,6309,2,180
6309,6312,2,180
6312,6309,2,180
6309,6313,2,180
6313,6309,2,180
6309,6315,2,180
6315,6309,2,180
6309,6317,2,180
6317,6309,2,180
7106,7101,2,180
7101,7106,2,180
7106,7102,2,180
7102,7106,2,180
7106,7105,2,180
7105,7106,2,180
7106,7901,2,180
7901,7106,2,180
7106,7902,2,240
7902,7106,2,240
7106,7903,2,240
7903,7106,2,240
7106,7904,2,240
7904,7106,2,240
7106,7905,2,180
7905,7106,2,180
7106,7906,2,240
7906,7106,2,240
7106,7908,2,240
7908,7106,2,240
7106,7909,2,240
7909,7106,2,240
7106,7910,2,375
7910,7106,2,375
7106,79771,2,180
79771,7106,2,180
7106,79772,2,240
79772,7106,2,240
6304,6303,2,180
6303,6304,2,180
6304,6306,2,180
6306,6304,2,180
6304,6309,2,180
6309,6304,2,180
6304,6310,2,180
6310,6304,2,180
6304,6312,2,180
6312,6304,2,180
6304,6313,2,180
6313,6304,2,180
6304,6315,2,180
6315,6304,2,180
6304,6317,2,180
6317,6304,2,180
6302,6303,2,180
6303,6302,2,180
6302,6304,2,180
6304,6302,2,180
6302,6306,2,180
6306,6302,2,180
6302,6309,2,180
6309,6302,2,180
6302,6310,2,180
6310,6302,2,180
6302,6312,2,180
6312,6302,2,180
6302,6313,2,180
6313,6302,2,180
6302,6315,2,180
6315,6302,2,180
6302,6317,2,180
6317,6302,2,180
6008,6001,2,180
6001,6008,2,180
6008,6003,2,180
6003,6008,2,180
6008,6004,2,180
6004,6008,2,180
6008,6005,2,180
6005,6008,2,180
6008,6006,2,180
6006,6008,2,180
6008,6009,2,180
6009,6008,2,180
6007,6001,2,180
6001,6007,2,180
6007,6003,2,180
6003,6007,2,180
6007,6004,2,180
6004,6007,2,180
6007,6005,2,180
6005,6007,2,180
6007,6006,2,180
6006,6007,2,180
6007,6008,2,180
6008,6007,2,180
6007,6009,2,180
6009,6007,2,180
6002,6001,2,180
6001,6002,2,180
6002,6003,2,180
6003,6002,2,180
6002,6004,2,180
6004,6002,2,180
6002,6005,2,180
6005,6002,2,180
6002,6006,2,180
6006,6002,2,180
6002,6007,2,180
6007,6002,2,180
6002,6008,2,180
6008,6002,2,180
6002,6009,2,180
6009,6002,2,180
6308,6302,2,180
6302,6308,2,180
6308,6303,2,180
6303,6308,2,180
6308,6304,2,180
6304,6308,2,180
6308,6306,2,180
6306,6308,2,180
6308,6309,2,180
6309,6308,2,180
6308,6310,2,180
6310,6308,2,180
6308,6312,2,180
6312,6308,2,180
6308,6313,2,180
6313,6308,2,180
6308,6315,2,180
6315,6308,2,180
6308,6317,2,180
6317,6308,2,180
1310,1307,2,180
1307,1310,2,180
6314,6302,2,180
6302,6314,2,180
6314,6303,2,180
6303,6314,2,180
6314,6304,2,180
6304,6314,2,180
6314,6306,2,180
6306,6314,2,180
6314,6308,2,180
6308,6314,2,180
6314,6309,2,180
6309,6314,2,180
6314,6310,2,180
6310,6314,2,180
6314,6312,2,180
6312,6314,2,180
6314,6313,2,180
6313,6314,2,180
6314,6315,2,180
6315,6314,2,180
6314,6317,2,180
6317,6314,2,180
1112,1104,2,180
1104,1112,2,180
1112,1105,2,180
1105,1112,2,180
1112,1106,2,180
1106,1112,2,180
1112,1107,2,180
1107,1112,2,180
1112,1109,2,180
1109,1112,2,180
1112,1111,2,180
1111,1112,2,180
1112,11141,2,180
11141,1112,2,180
1112,11142,2,240
11142,1112,2,240
6010,6001,2,180
6001,6010,2,180
6010,6002,2,180
6002,6010,2,180
6010,6003,2,180
6003,6010,2,180
6010,6004,2,180
6004,6010,2,180
6010,6005,2,180
6005,6010,2,180
6010,6006,2,180
6006,6010,2,180
6010,6007,2,180
6007,6010,2,180
6010,6008,2,180
6008,6010,2,180
6010,6009,2,180
6009,6010,2,180
1306,1307,2,180
1307,1306,2,180
1306,1310,2,180
1310,1306,2,180
6011,6001,2,180
6001,6011,2,180
6011,6002,2,180
6002,6011,2,180
6011,6003,2,180
6003,6011,2,180
6011,6004,2,180
6004,6011,2,180
6011,6005,2,180
6005,6011,2,180
6011,6006,2,180
6006,6011,2,180
6011,6007,2,180
6007,6011,2,180
6011,6008,2,180
6008,6011,2,180
6011,6009,2,180
6009,6011,2,180
6011,6010,2,180
6010,6011,2,180
3713,3705,2,180
3705,3713,2,180
3713,3710,2,180
3710,3713,2,180
3713,3958,2,180
3958,3713,2,180
1457,1515,2,375
1515,1457,2,375
1457,1516,2,375
1516,1457,2,375
1457,18762,2,375
18762,1457,2,375
2610,2609,2,180
2609,2610,2,180
2610,2687,2,180
2687,2610,2,180
2610,2877,2,180
2877,2610,2,180
2305,2301,2,180
2301,2305,2,180
2305,2303,2,180
2303,2305,2,180
2305,2304,2,180
2304,2305,2,180
2305,2306,2,180
2306,2305,2,180
2608,2609,2,180
2609,2608,2,180
2608,2610,2,180
2610,2608,2,180
2608,2687,2,180
2687,2608,2,180
2608,2877,2,180
2877,2608,2,180
2710,21151,2,180
21151,2710,2,180
2710,21152,2,180
21152,2710,2,180
2710,2701,2,240
2701,2710,2,240
2710,2704,2,180
2704,2710,2,180
2710,2707,2,180
2707,2710,2,180
2710,2711,2,180
2711,2710,2,180
2710,2712,2,180
2712,2710,2,180
2710,2714,2,240
2714,2710,2,240
2611,2608,2,180
2608,2611,2,180
2611,2609,2,180
2609,2611,2,180
2611,2610,2,180
2610,2611,2,180
2611,2687,2,180
2687,2611,2,180
2611,2877,2,180
2877,2611,2,180
3986,3875,2,375
3875,3986,2,375
3986,3876,2,240
3876,3986,2,240
3706,3705,2,180
3705,3706,2,180
3706,3710,2,180
3710,3706,2,180
3706,3713,2,180
3713,3706,2,180
3706,3958,2,240
3958,3706,2,240
2604,2608,2,180
2608,2604,2,180
2604,2609,2,180
2609,2604,2,180
2604,2610,2,180
2610,2604,2,180
2604,2611,2,180
2611,2604,2,180
2604,2687,2,180
2687,2604,2,180
2604,2877,2,180
2877,2604,2,180
2607,2604,2,180
2604,2607,2,180
2607,2608,2,180
2608,2607,2,180
2607,2609,2,180
2609,2607,2,180
2607,2610,2,180
2610,2607,2,180
2607,2611,2,180
2611,2607,2,180
2607,2687,2,180
2687,2607,2,180
2607,2877,2,180
2877,2607,2,180
2605,2604,2,180
2604,2605,2,180
2605,2607,2,180
2607,2605,2,180
2605,2608,2,180
2608,2605,2,180
2605,2609,2,180
2609,2605,2,180
2605,2610,2,180
2610,2605,2,180
2605,2611,2,180
2611,2605,2,180
2605,2687,2,180
2687,2605,2,180
2605,2877,2,180
2877,2605,2,180
3702,3705,2,180
3705,3702,2,180
3702,3706,2,180
3706,3702,2,180
3702,3710,2,180
3710,3702,2,180
3702,3713,2,180
3713,3702,2,180
3702,3958,2,240
3958,3702,2,240
3712,3702,2,180
3702,3712,2,180
3712,3705,2,180
3705,3712,2,180
3712,3706,2,180
3706,3712,2,180
3712,3710,2,180
3710,3712,2,180
3712,3713,2,180
3713,3712,2,180
3712,3958,2,180
3958,3712,2,180
2212,21131,2,240
21131,2212,2,240
2212,21132,2,180
21132,2212,2,180
2212,2204,2,180
2204,2212,2,180
2212,2206,2,180
2206,2212,2,180
2212,2213,2,180
2213,2212,2,180
2212,2215,2,180
2215,2212,2,180
3288,3875,2,240
3875,3288,2,240
3288,3876,2,180
3876,3288,2,180
3288,3986,2,240
3986,3288,2,240
3708,3702,2,180
3702,3708,2,180
3708,3705,2,180
3705,3708,2,180
3708,3706,2,180
3706,3708,2,180
3708,3710,2,180
3710,3708,2,180
3708,3712,2,180
3712,3708,2,180
3708,3713,2,180
3713,3708,2,180
3708,3958,2,240
3958,3708,2,240
33352,3288,2,180
3288,33352,2,180
33352,3875,2,240
3875,33352,2,240
33352,3876,2,180
3876,33352,2,180
33352,3986,2,240
3986,33352,2,240
3231,3380,3,
3380,3231,3,
3704,3702,2,180
3702,3704,2,180
3704,3705,2,180
3705,3704,2,180
3704,3706,2,180
3706,3704,2,180
3704,3708,2,180
3708,3704,2,180
3704,3710,2,180
3710,3704,2,180
3704,3712,2,180
3712,3704,2,180
3704,3713,2,180
3713,3704,2,180
3704,3958,2,240
3958,3704,2,240
3917,3899,2,240
3899,3917,2,240
3917,3902,2,180
3902,3917,2,180
3917,3907,2,375
3907,3917,2,375
3917,3913,2,240
3913,3917,2,240
3915,3899,2,375
3899,3915,2,375
3915,3900,2,375
3900,3915,2,375
3915,3902,2,180
3902,3915,2,180
3915,3907,2,240
3907,3915,2,240
3915,3913,2,180
3913,3915,2,180
3915,3917,2,180
3917,3915,2,180
3916,3899,2,375
3899,3916,2,375
3916,3900,2,375
3900,3916,2,375
3916,3902,2,180
3902,3916,2,180
3916,3907,2,375
3907,3916,2,375
3916,3913,2,180
3913,3916,2,180
3916,3915,2,180
3915,3916,2,180
3916,3917,2,180
3917,3916,2,180
3911,3899,2,375
3899,3911,2,375
3911,3900,2,375
3900,3911,2,375
3911,3902,2,240
3902,3911,2,240
3911,3907,2,180
3907,3911,2,180
3911,3913,2,180
3913,3911,2,180
3911,3915,2,240
3915,3911,2,240
3911,3916,2,240
3916,3911,2,240
3911,3917,2,375
3917,3911,2,375
2606,2604,2,180
2604,2606,2,180
2606,2605,2,180
2605,2606,2,180
2606,2607,2,180
2607,2606,2,180
2606,2608,2,180
2608,2606,2,180
2606,2609,2,180
2609,2606,2,180
2606,2610,2,180
2610,2606,2,180
2606,2611,2,180
2611,2606,2,180
2606,2687,2,180
2687,2606,2,180
2606,2877,2,180
2877,2606,2,180
3912,3899,2,375
3899,3912,2,375
3912,3900,2,375
3900,3912,2,375
3912,3902,2,240
3902,3912,2,240
3912,3907,2,180
3907,3912,2,180
3912,3911,2,180
3911,3912,2,180
3912,3913,2,180
3913,3912,2,180
3912,3915,2,180
3915,3912,2,180
3912,3916,2,240
3916,3912,2,240
3912,3917,2,240
3917,3912,2,240
3901,3899,2,240
3899,3901,2,240
3901,3900,2,375
3900,3901,2,375
3901,3902,2,180
3902,3901,2,180
3901,3907,2,375
3907,3901,2,375
3901,3911,2,375
3911,3901,2,375
3901,3912,2,240
3912,3901,2,240
3901,3913,2,240
3913,3901,2,240
3901,3915,2,180
3915,3901,2,180
3901,3916,2,180
3916,3901,2,180
3901,3917,2,180
3917,3901,2,180
3908,3899,2,240
3899,3908,2,240
3908,3900,2,240
3900,3908,2,240
3908,3901,2,375
3901,3908,2,375
3908,3902,2,375
3902,3908,2,375
3908,3907,2,180
3907,3908,2,180
3908,3911,2,180
3911,3908,2,180
3908,3912,2,180
3912,3908,2,180
3908,3913,2,180
3913,3908,2,180
3908,3915,2,375
3915,3908,2,375
3908,3916,2,375
3916,3908,2,375
3703,3702,2,180
3702,3703,2,180
3703,3704,2,180
3704,3703,2,180
3703,3705,2,180
3705,3703,2,180
3703,3706,2,180
3706,3703,2,180
3703,3708,2,180
3708,3703,2,180
3703,3710,2,180
3710,3703,2,180
3703,3712,2,180
3712,3703,2,180
3703,3713,2,180
3713,3703,2,180
3703,3958,2,240
3958,3703,2,240
3914,3899,2,375
3899,3914,2,375
3914,3900,2,375
3900,3914,2,375
3914,3901,2,180
3901,3914,2,180
3914,3902,2,180
3902,3914,2,180
3914,3907,2,240
3907,3914,2,240
3914,3908,2,240
3908,3914,2,240
3914,3911,2,180
3911,3914,2,180
3914,3912,2,180
3912,3914,2,180
3914,3913,2,180
3913,3914,2,180
3914,3915,2,180
3915,3914,2,180
3914,3916,2,180
3916,3914,2,180
3914,3917,2,180
3917,3914,2,180
3711,3702,2,180
3702,3711,2,180
3711,3703,2,180
3703,3711,2,180
3711,3704,2,180
3704,3711,2,180
3711,3705,2,180
3705,3711,2,180
3711,3706,2,180
3706,3711,2,180
3711,3708,2,180
3708,3711,2,180
3711,3710,2,180
3710,3711,2,180
3711,3712,2,180
3712,3711,2,180
3711,3713,2,180
3713,3711,2,180
3711,3958,2,180
3958,3711,2,180
3906,3899,2,240
3899,3906,2,240
3906,3900,2,240
3900,3906,2,240
3906,3901,2,240
3901,3906,2,240
3906,3902,2,240
3902,3906,2,240
3906,3907,2,180
3907,3906,2,180
3906,3908,2,180
3908,3906,2,180
3906,3911,2,180
3911,3906,2,180
3906,3912,2,180
3912,3906,2,180
3906,3913,2,180
3913,3906,2,180
3906,3914,2,180
3914,3906,2,180
3906,3915,2,180
3915,3906,2,180
3906,3916,2,240
3916,3906,2,240
3906,3917,2,240
3917,3906,2,240
3905,3899,2,240
3899,3905,2,240
3905,3900,2,240
3900,3905,2,240
3905,3901,2,240
3901,3905,2,240
3905,3902,2,180
3902,3905,2,180
3905,3906,2,180
3906,3905,2,180
3905,3907,2,180
3907,3905,2,180
3905,3908,2,180
3908,3905,2,180
3905,3911,2,180
3911,3905,2,180
3905,3912,2,180
3912,3905,2,180
3905,3913,2,180
3913,3905,2,180
3905,3914,2,180
3914,3905,2,180
3905,3915,2,180
3915,3905,2,180
3905,3916,2,180
3916,3905,2,180
3905,3917,2,240
3917,3905,2,240
4209,4203,2,180
4203,4209,2,180
4209,4214,2,240
4214,4209,2,240
4209,4216,2,240
4216,4209,2,240
4209,49821,2,240
49821,4209,2,240
4209,49822,2,180
49822,4209,2,180
3904,3899,2,240
3899,3904,2,240
3904,3900,2,240
3900,3904,2,240
3904,3901,2,180
3901,3904,2,180
3904,3902,2,180
3902,3904,2,180
3904,3905,2,180
3905,3904,2,180
3904,3906,2,180
3906,3904,2,180
3904,3907,2,180
3907,3904,2,180
3904,3908,2,240
3908,3904,2,240
3904,3911,2,180
3911,3904,2,180
3904,3912,2,180
3912,3904,2,180
3904,3913,2,180
3913,3904,2,180
3904,3914,2,180
3914,3904,2,180
3904,3915,2,180
3915,3904,2,180
3904,3916,2,180
3916,3904,2,180
3904,3917,2,180
3917,3904,2,180
4215,4203,2,180
4203,4215,2,180
4215,4209,2,240
4209,4215,2,240
4215,4214,2,180
4214,4215,2,180
4215,4216,2,180
4216,4215,2,180
4215,49821,2,180
49821,4215,2,180
4215,49822,2,180
49822,4215,2,180
3903,3899,2,240
3899,3903,2,240
3903,3900,2,375
3900,3903,2,375
3903,3901,2,180
3901,3903,2,180
3903,3902,2,180
3902,3903,2,180
3903,3904,2,180
3904,3903,2,180
3903,3905,2,180
3905,3903,2,180
3903,3906,2,180
3906,3903,2,180
3903,3907,2,240
3907,3903,2,240
3903,3908,2,375
3908,3903,2,375
3903,3911,2,240
3911,3903,2,240
3903,3912,2,180
3912,3903,2,180
3903,3913,2,180
3913,3903,2,180
3903,3914,2,180
3914,3903,2,180
3903,3915,2,180
3915,3903,2,180
3903,3916,2,180
3916,3903,2,180
3903,3917,2,180
3917,3903,2,180
3909,3899,2,240
3899,3909,2,240
3909,3900,2,240
3900,3909,2,240
3909,3903,2,375
3903,3909,2,375
3909,3904,2,375
3904,3909,2,375
3909,3905,2,240
3905,3909,2,240
3909,3906,2,180
3906,3909,2,180
3909,3907,2,180
3907,3909,2,180
3909,3908,2,180
3908,3909,2,180
3909,3911,2,180
3911,3909,2,180
3909,3912,2,180
3912,3909,2,180
3909,3913,2,240
3913,3909,2,240
3909,3914,2,375
3914,3909,2,375
3909,3915,2,375
3915,3909,2,375
2228,2308,2,375
2308,2228,2,375
3910,3899,2,375
3899,3910,2,375
3910,3900,2,375
3900,3910,2,375
3910,3902,2,375
3902,3910,2,375
3910,3903,2,375
3903,3910,2,375
3910,3904,2,240
3904,3910,2,240
3910,3905,2,240
3905,3910,2,240
3910,3906,2,180
3906,3910,2,180
3910,3907,2,180
3907,3910,2,180
3910,3908,2,180
3908,3910,2,180
3910,3909,2,180
3909,3910,2,180
3910,3911,2,180
3911,3910,2,180
3910,3912,2,180
3912,3910,2,180
3910,3913,2,240
3913,3910,2,240
3910,3914,2,240
3914,3910,2,240
3910,3915,2,375
3915,3910,2,375
3910,3916,2,375
3916,3910,2,375
1113,1104,2,180
1104,1113,2,180
1113,1105,2,240
1105,1113,2,240
1113,1106,2,240
1106,1113,2,240
1113,1107,2,240
1107,1113,2,240
1113,1109,2,180
1109,1113,2,180
1113,1111,2,240
1111,1113,2,240
1113,1112,2,180
1112,1113,2,180
1113,11141,2,240
11141,1113,2,240
1113,11142,2,375
11142,1113,2,375
1205,1079,2,240
1079,1205,2,240
1205,1131,2,375
1131,1205,2,375
1205,1201,2,240
1201,1205,2,240
1205,1202,2,180
1202,1205,2,180
1205,1203,2,180
1203,1205,2,180
1205,1204,2,180
1204,1205,2,180
1205,1207,2,180
1207,1205,2,180
1205,1208,2,180
1208,1205,2,180
1205,1209,2,180
1209,1205,2,180
1205,1210,2,180
1210,1205,2,180
1205,1211,2,240
1211,1205,2,240
1205,18891,2,375
18891,1205,2,375
1205,18892,2,240
18892,1205,2,240
4201,4203,2,180
4203,4201,2,180
4201,4209,2,240
4209,4201,2,240
4201,4214,2,180
4214,4201,2,180
4201,4215,2,180
4215,4201,2,180
4201,4216,2,180
4216,4201,2,180
4201,49821,2,180
49821,4201,2,180
4201,49822,2,180
49822,4201,2,180
1108,1104,2,180
1104,1108,2,180
1108,1105,2,180
1105,1108,2,180
1108,1106,2,180
1106,1108,2,180
1108,1107,2,180
1107,1108,2,180
1108,1109,2,180
1109,1108,2,180
1108,1111,2,180
1111,1108,2,180
1108,1112,2,180
1112,1108,2,180
1108,1113,2,240
1113,1108,2,240
1108,11141,2,180
11141,1108,2,180
1108,11142,2,375
11142,1108,2,375
1305,1306,2,180
1306,1305,2,180
1305,1307,2,180
1307,1305,2,180
1305,1310,2,180
1310,1305,2,180
2203,21131,2,180
21131,2203,2,180
2203,21132,2,180
21132,2203,2,180
2203,2204,2,180
2204,2203,2,180
2203,2206,2,180
2206,2203,2,180
2203,2212,2,180
2212,2203,2,180
2203,2213,2,180
2213,2203,2,180
2203,2215,2,180
2215,2203,2,180
2713,21151,2,180
21151,2713,2,180
2713,21152,2,240
21152,2713,2,240
2713,2701,2,180
2701,2713,2,180
2713,2704,2,180
2704,2713,2,180
2713,2707,2,180
2707,2713,2,180
2713,2710,2,180
2710,2713,2,180
2713,2711,2,180
2711,2713,2,180
2713,2712,2,180
2712,2713,2,180
2713,2714,2,180
2714,2713,2,180
4809,4804,2,180
4804,4809,2,180
4809,4806,2,180
4806,4809,2,180
4809,4815,2,180
4815,4809,2,180
2705,21151,2,180
21151,2705,2,180
2705,21152,2,180
21152,2705,2,180
2705,2701,2,180
2701,2705,2,180
2705,2704,2,180
2704,2705,2,180
2705,2707,2,180
2707,2705,2,180
2705,2710,2,180
2710,2705,2,180
2705,2711,2,180
2711,2705,2,180
2705,2712,2,180
2712,2705,2,180
2705,2713,2,180
2713,2705,2,180
2705,2714,2,180
2714,2705,2,180
4210,4201,2,240
4201,4210,2,240
4210,4203,2,180
4203,4210,2,180
4210,4209,2,180
4209,4210,2,180
4210,4214,2,180
4214,4210,2,180
4210,4215,2,240
4215,4210,2,240
4210,4216,2,240
4216,4210,2,240
4210,49821,2,240
49821,4210,2,240
4210,49822,2,180
49822,4210,2,180
2211,21131,2,240
21131,2211,2,240
2211,21132,2,180
21132,2211,2,180
2211,2203,2,240
2203,2211,2,240
2211,2204,2,180
2204,2211,2,180
2211,2206,2,180
2206,2211,2,180
2211,2212,2,180
2212,2211,2,180
2211,2213,2,180
2213,2211,2,180
2211,2215,2,240
2215,2211,2,240
2208,21131,2,240
21131,2208,2,240
2208,21132,2,180
21132,2208,2,180
2208,2203,2,240
2203,2208,2,240
2208,2204,2,240
2204,2208,2,240
2208,2206,2,180
2206,2208,2,180
2208,2211,2,180
2211,2208,2,180
2208,2212,2,180
2212,2208,2,180
2208,2213,2,180
2213,2208,2,180
2208,2215,2,240
2215,2208,2,240
4803,4804,2,180
4804,4803,2,180
4803,4806,2,180
4806,4803,2,180
4803,4809,2,180
4809,4803,2,180
4803,4815,2,180
4815,4803,2,180
4202,4201,2,180
4201,4202,2,180
4202,4203,2,180
4203,4202,2,180
4202,4209,2,240
4209,4202,2,240
4202,4210,2,180
4210,4202,2,180
4202,4214,2,180
4214,4202,2,180
4202,4215,2,180
4215,4202,2,180
4202,4216,2,180
4216,4202,2,180
4202,49821,2,180
49821,4202,2,180
4202,49822,2,180
49822,4202,2,180
2207,21131,2,240
21131,2207,2,240
2207,21132,2,180
21132,2207,2,180
2207,2203,2,240
2203,2207,2,240
2207,2204,2,180
2204,2207,2,180
2207,2206,2,180
2206,2207,2,180
2207,2208,2,180
2208,2207,2,180
2207,2211,2,180
2211,2207,2,180
2207,2212,2,180
2212,2207,2,180
2207,2213,2,180
2213,2207,2,180
2207,2215,2,240
2215,2207,2,240
4211,4201,2,180
4201,4211,2,180
4211,4202,2,180
4202,4211,2,180
4211,4203,2,180
4203,4211,2,180
4211,4209,2,180
4209,4211,2,180
4211,4210,2,180
4210,4211,2,180
4211,4214,2,180
4214,4211,2,180
4211,4215,2,240
4215,4211,2,240
4211,4216,2,180
4216,4211,2,180
4211,49821,2,180
49821,4211,2,180
4211,49822,2,180
49822,4211,2,180
2205,21131,2,180
21131,2205,2,180
2205,21132,2,180
21132,2205,2,180
2205,2203,2,180
2203,2205,2,180
2205,2204,2,180
2204,2205,2,180
2205,2206,2,180
2206,2205,2,180
2205,2207,2,180
2207,2205,2,180
2205,2208,2,180
2208,2205,2,180
2205,2211,2,180
2211,2205,2,180
2205,2212,2,180
2212,2205,2,180
2205,2213,2,180
2213,2205,2,180
2205,2215,2,180
2215,2205,2,180
4213,4201,2,180
4201,4213,2,180
4213,4202,2,180
4202,4213,2,180
4213,4203,2,180
4203,4213,2,180
4213,4209,2,180
4209,4213,2,180
4213,4210,2,180
4210,4213,2,180
4213,4211,2,180
4211,4213,2,180
4213,4214,2,180
4214,4213,2,180
4213,4215,2,180
4215,4213,2,180
4213,4216,2,180
4216,4213,2,180
4213,49821,2,180
49821,4213,2,180
4213,49822,2,180
49822,4213,2,180
4811,4803,2,180
4803,4811,2,180
4811,4804,2,180
4804,4811,2,180
4811,4806,2,180
4806,4811,2,180
4811,4809,2,180
4809,4811,2,180
4811,4815,2,180
4815,4811,2,180
4206,4201,2,240
4201,4206,2,240
4206,4202,2,180
4202,4206,2,180
4206,4203,2,180
4203,4206,2,180
4206,4209,2,180
4209,4206,2,180
4206,4210,2,180
4210,4206,2,180
4206,4211,2,180
4211,4206,2,180
4206,4213,2,180
4213,4206,2,180
4206,4214,2,180
4214,4206,2,180
4206,4215,2,240
4215,4206,2,240
4206,4216,2,180
4216,4206,2,180
4206,49821,2,240
49821,4206,2,240
4206,49822,2,180
49822,4206,2,180
4802,4803,2,180
4803,4802,2,180
4802,4804,2,180
4804,4802,2,180
4802,4806,2,180
4806,4802,2,180
4802,4809,2,180
4809,4802,2,180
4802,4811,2,180
4811,4802,2,180
4802,4815,2,180
4815,4802,2,180
4208,4201,2,375
4201,4208,2,375
4208,4202,2,240
4202,4208,2,240
4208,4203,2,240
4203,4208,2,240
4208,4206,2,180
4206,4208,2,180
4208,4209,2,180
4209,4208,2,180
4208,4210,2,180
4210,4208,2,180
4208,4211,2,180
4211,4208,2,180
4208,4213,2,240
4213,4208,2,240
4208,4214,2,240
4214,4208,2,240
4208,4215,2,375
4215,4208,2,375
4208,4216,2,240
4216,4208,2,240
4208,49821,2,375
49821,4208,2,375
4208,49822,2,180
49822,4208,2,180
4812,4802,2,180
4802,4812,2,180
4812,4803,2,180
4803,4812,2,180
4812,4804,2,180
4804,4812,2,180
4812,4806,2,180
4806,4812,2,180
4812,4809,2,180
4809,4812,2,180
4812,4811,2,180
4811,4812,2,180
4812,4815,2,180
4815,4812,2,180
4810,4802,2,180
4802,4810,2,180
4810,4803,2,180
4803,4810,2,180
4810,4804,2,180
4804,4810,2,180
4810,4806,2,180
4806,4810,2,180
4810,4809,2,180
4809,4810,2,180
4810,4811,2,180
4811,4810,2,180
4810,4812,2,180
4812,4810,2,180
4810,4815,2,180
4815,4810,2,180
4207,4201,2,240
4201,4207,2,240
4207,4202,2,240
4202,4207,2,240
4207,4203,2,180
4203,4207,2,180
4207,4206,2,180
4206,4207,2,180
4207,4208,2,180
4208,4207,2,180
4207,4209,2,180
4209,4207,2,180
4207,4210,2,180
4210,4207,2,180
4207,4211,2,180
4211,4207,2,180
4207,4213,2,180
4213,4207,2,180
4207,4214,2,240
4214,4207,2,240
4207,4215,2,240
4215,4207,2,240
4207,4216,2,240
4216,4207,2,240
4207,49821,2,240
49821,4207,2,240
4207,49822,2,180
49822,4207,2,180
4212,4201,2,180
4201,4212,2,180
4212,4202,2,180
4202,4212,2,180
4212,4203,2,180
4203,4212,2,180
4212,4206,2,180
4206,4212,2,180
4212,4207,2,180
4207,4212,2,180
4212,4208,2,180
4208,4212,2,180
4212,4209,2,180
4209,4212,2,180
4212,4210,2,180
4210,4212,2,180
4212,4211,2,180
4211,4212,2,180
4212,4213,2,180
4213,4212,2,180
4212,4214,2,180
4214,4212,2,180
4212,4215,2,180
4215,4212,2,180
4212,4216,2,180
4216,4212,2,180
4212,49821,2,180
49821,4212,2,180
4212,49822,2,180
49822,4212,2,180
4204,4201,2,180
4201,4204,2,180
4204,4202,2,180
4202,4204,2,180
4204,4203,2,180
4203,4204,2,180
4204,4206,2,180
4206,4204,2,180
4204,4207,2,180
4207,4204,2,180
4204,4208,2,180
4208,4204,2,180
4204,4209,2,180
4209,4204,2,180
4204,4210,2,180
4210,4204,2,180
4204,4211,2,180
4211,4204,2,180
4204,4212,2,180
4212,4204,2,180
4204,4213,2,180
4213,4204,2,180
4204,4214,2,180
4214,4204,2,180
4204,4215,2,180
4215,4204,2,180
4204,4216,2,180
4216,4204,2,180
4204,49821,2,180
49821,4204,2,180
4204,49822,2,180
49822,4204,2,180
4205,4201,2,180
4201,4205,2,180
4205,4202,2,180
4202,4205,2,180
4205,4203,2,180
4203,4205,2,180
4205,4204,2,180
4204,4205,2,180
4205,4206,2,180
4206,4205,2,180
4205,4207,2,180
4207,4205,2,180
4205,4208,2,180
4208,4205,2,180
4205,4209,2,180
4209,4205,2,180
4205,4210,2,180
4210,4205,2,180
4205,4211,2,180
4211,4205,2,180
4205,4212,2,180
4212,4205,2,180
4205,4213,2,180
4213,4205,2,180
4205,4214,2,180
4214,4205,2,180
4205,4215,2,180
4215,4205,2,180
4205,4216,2,180
4216,4205,2,180
4205,49821,2,180
49821,4205,2,180
4205,49822,2,180
49822,4205,2,180
4805,4802,2,180
4802,4805,2,180
4805,4803,2,180
4803,4805,2,180
4805,4804,2,180
4804,4805,2,180
4805,4806,2,180
4806,4805,2,180
4805,4809,2,180
4809,4805,2,180
4805,4810,2,180
4810,4805,2,180
4805,4811,2,180
4811,4805,2,180
4805,4812,2,180
4812,4805,2,180
4805,4815,2,180
4815,4805,2,180
2706,21151,2,180
21151,2706,2,180
2706,21152,2,180
21152,2706,2,180
2706,2701,2,240
2701,2706,2,240
2706,2704,2,180
2704,2706,2,180
2706,2705,2,180
2705,2706,2,180
2706,2707,2,180
2707,2706,2,180
2706,2710,2,180
2710,2706,2,180
2706,2711,2,180
2711,2706,2,180
2706,2712,2,180
2712,2706,2,180
2706,2713,2,180
2713,2706,2,180
2706,2714,2,240
2714,2706,2,240
4801,4802,2,180
4802,4801,2,180
4801,4803,2,180
4803,4801,2,180
4801,4804,2,180
4804,4801,2,180
4801,4805,2,180
4805,4801,2,180
4801,4806,2,240
4806,4801,2,240
4801,4809,2,240
4809,4801,2,240
4801,4810,2,180
4810,4801,2,180
4801,4811,2,180
4811,4801,2,180
4801,4812,2,180
4812,4801,2,180
4801,4815,2,180
4815,4801,2,180
8614,8602,2,180
8602,8614,2,180
5107,5104,2,180
5104,5107,2,180
5107,5109,2,180
5109,5107,2,180
5205,5203,2,180
5203,5205,2,180
5205,5204,2,180
5204,5205,2,180
5205,5206,2,180
5206,5205,2,180
5205,5207,2,180
5207,5205,2,180
5205,5209,2,180
5209,5205,2,180
5205,5210,2,180
5210,5205,2,180
7016,7001,2,180
7001,7016,2,180
7016,7002,2,180
7002,7016,2,180
7016,7003,2,240
7003,7016,2,240
7016,7007,2,375
7007,7016,2,375
7016,7008,2,375
7008,7016,2,375
7016,7009,2,375
7009,7016,2,375
7016,7010,2,375
7010,7016,2,375
7016,7011,2,180
7011,7016,2,180
7016,7015,2,180
7015,7016,2,180
5208,5203,2,180
5203,5208,2,180
5208,5204,2,180
5204,5208,2,180
5208,5205,2,180
5205,5208,2,180
5208,5206,2,180
5206,5208,2,180
5208,5207,2,180
5207,5208,2,180
5208,5209,2,180
5209,5208,2,180
5208,5210,2,180
5210,5208,2,180
5106,5104,2,180
5104,5106,2,180
5106,5107,2,180
5107,5106,2,180
5106,5109,2,180
5109,5106,2,180
2703,21151,2,180
21151,2703,2,180
2703,21152,2,240
21152,2703,2,240
2703,2701,2,180
2701,2703,2,180
2703,2704,2,180
2704,2703,2,180
2703,2705,2,180
2705,2703,2,180
2703,2706,2,180
2706,2703,2,180
2703,2707,2,180
2707,2703,2,180
2703,2710,2,180
2710,2703,2,180
2703,2711,2,180
2711,2703,2,180
2703,2712,2,180
2712,2703,2,180
2703,2713,2,180
2713,2703,2,180
2703,2714,2,180
2714,2703,2,180
8608,8602,2,180
8602,8608,2,180
8608,8614,2,180
8614,8608,2,180
5101,5104,2,180
5104,5101,2,180
5101,5106,2,180
5106,5101,2,180
5101,5107,2,180
5107,5101,2,180
5101,5109,2,180
5109,5101,2,180
5103,5101,2,180
5101,5103,2,180
5103,5104,2,180
5104,5103,2,180
5103,5106,2,180
5106,5103,2,180
5103,5107,2,180
5107,5103,2,180
5103,5109,2,180
5109,5103,2,180
5102,5101,2,180
5101,5102,2,180
5102,5103,2,180
5103,5102,2,180
5102,5104,2,180
5104,5102,2,180
5102,5106,2,180
5106,5102,2,180
5102,5107,2,180
5107,5102,2,180
5102,5109,2,180
5109,5102,2,180
8609,8602,2,180
8602,8609,2,180
8609,8608,2,180
8608,8609,2,180
8609,8614,2,180
8614,8609,2,180
8607,8602,2,180
8602,8607,2,180
8607,8608,2,180
8608,8607,2,180
8607,8609,2,180
8609,8607,2,180
8607,8614,2,180
8614,8607,2,180
8605,8602,2,180
8602,8605,2,180
8605,8607,2,180
8607,8605,2,180
8605,8608,2,180
8608,8605,2,180
8605,8609,2,180
8609,8605,2,180
8605,8614,2,180
8614,8605,2,180
8601,8602,2,180
8602,8601,2,180
8601,8605,2,240
8605,8601,2,240
8601,8607,2,180
8607,8601,2,180
8601,8608,2,180
8608,8601,2,180
8601,8609,2,180
8609,8601,2,180
8601,8614,2,240
8614,8601,2,240
8603,8601,2,180
8601,8603,2,180
8603,8602,2,180
8602,8603,2,180
8603,8605,2,180
8605,8603,2,180
8603,8607,2,180
8607,8603,2,180
8603,8608,2,180
8608,8603,2,180
8603,8609,2,180
8609,8603,2,180
8603,8614,2,180
8614,8603,2,180
8604,8601,2,180
8601,8604,2,180
8604,8602,2,180
8602,8604,2,180
8604,8603,2,180
8603,8604,2,180
8604,8605,2,180
8605,8604,2,180
8604,8607,2,180
8607,8604,2,180
8604,8608,2,180
8608,8604,2,180
8604,8609,2,180
8609,8604,2,180
8604,8614,2,180
8614,8604,2,180
5108,5101,2,180
5101,5108,2,180
5108,5102,2,180
5102,5108,2,180
5108,5103,2,180
5103,5108,2,180
5108,5104,2,180
5104,5108,2,180
5108,5106,2,180
5106,5108,2,180
5108,5107,2,180
5107,5108,2,180
5108,5109,2,180
5109,5108,2,180
5110,5101,2,180
5101,5110,2,180
5110,5102,2,180
5102,5110,2,180
5110,5103,2,180
5103,5110,2,180
5110,5104,2,180
5104,5110,2,180
5110,5106,2,180
5106,5110,2,180
5110,5107,2,180
5107,5110,2,180
5110,5108,2,180
5108,5110,2,180
5110,5109,2,180
5109,5110,2,180
8610,8601,2,180
8601,8610,2,180
8610,8602,2,180
8602,8610,2,180
8610,8603,2,180
8603,8610,2,180
8610,8604,2,180
8604,8610,2,180
8610,8605,2,240
8605,8610,2,240
8610,8607,2,180
8607,8610,2,180
8610,8608,2,180
8608,8610,2,180
8610,8609,2,180
8609,8610,2,180
8610,8614,2,240
8614,8610,2,240
2702,21151,2,180
21151,2702,2,180
2702,21152,2,240
21152,2702,2,240
2702,2701,2,180
2701,2702,2,180
2702,2703,2,180
2703,2702,2,180
2702,2704,2,180
2704,2702,2,180
2702,2705,2,180
2705,2702,2,180
2702,2706,2,180
2706,2702,2,180
2702,2707,2,240
2707,2702,2,240
2702,2710,2,180
2710,2702,2,180
2702,2711,2,180
2711,2702,2,180
2702,2712,2,180
2712,2702,2,180
2702,2713,2,180
2713,2702,2,180
2702,2714,2,180
2714,2702,2,180
1206,1079,2,240
1079,1206,2,240
1206,1131,2,375
1131,1206,2,375
1206,1201,2,240
1201,1206,2,240
1206,1202,2,180
1202,1206,2,180
1206,1203,2,180
1203,1206,2,180
1206,1204,2,180
1204,1206,2,180
1206,1205,2,180
1205,1206,2,180
1206,1207,2,180
1207,1206,2,180
1206,1208,2,180
1208,1206,2,180
1206,1209,2,180
1209,1206,2,180
1206,1210,2,240
1210,1206,2,240
1206,1211,2,375
1211,1206,2,375
1206,18891,2,375
18891,1206,2,375
1206,18892,2,375
18892,1206,2,375
2601,2604,2,180
2604,2601,2,180
2601,2605,2,180
2605,2601,2,180
2601,2606,2,180
2606,2601,2,180
2601,2607,2,180
2607,2601,2,180
2601,2608,2,180
2608,2601,2,180
2601,2609,2,180
2609,2601,2,180
2601,2610,2,180
2610,2601,2,180
2601,2611,2,240
2611,2601,2,240
2601,2687,2,180
2687,2601,2,180
2601,2877,2,180
2877,2601,2,180
2202,21131,2,180
21131,2202,2,180
2202,21132,2,240
21132,2202,2,240
2202,2203,2,180
2203,2202,2,180
2202,2204,2,180
2204,2202,2,180
2202,2205,2,180
2205,2202,2,180
2202,2206,2,240
2206,2202,2,240
2202,2207,2,240
2207,2202,2,240
2202,2208,2,375
2208,2202,2,375
2202,2211,2,240
2211,2202,2,240
2202,2212,2,240
2212,2202,2,240
2202,2213,2,180
2213,2202,2,180
2202,2215,2,180
2215,2202,2,180
4814,4801,2,180
4801,4814,2,180
4814,4802,2,180
4802,4814,2,180
4814,4803,2,180
4803,4814,2,180
4814,4804,2,180
4804,4814,2,180
4814,4805,2,240
4805,4814,2,240
4814,4806,2,240
4806,4814,2,240
4814,4809,2,240
4809,4814,2,240
4814,4810,2,180
4810,4814,2,180
4814,4811,2,180
4811,4814,2,180
4814,4812,2,180
4812,4814,2,180
4814,4815,2,180
4815,4814,2,180
6305,6302,2,180
6302,6305,2,180
6305,6303,2,180
6303,6305,2,180
6305,6304,2,180
6304,6305,2,180
6305,6306,2,180
6306,6305,2,180
6305,6308,2,180
6308,6305,2,180
6305,6309,2,180
6309,6305,2,180
6305,6310,2,240
6310,6305,2,240
6305,6312,2,180
6312,6305,2,180
6305,6313,2,180
6313,6305,2,180
6305,6314,2,180
6314,6305,2,180
6305,6315,2,180
6315,6305,2,180
6305,6317,2,180
6317,6305,2,180
6311,6302,2,180
6302,6311,2,180
6311,6303,2,180
6303,6311,2,180
6311,6304,2,180
6304,6311,2,180
6311,6305,2,240
6305,6311,2,240
6311,6306,2,180
6306,6311,2,180
6311,6308,2,180
6308,6311,2,180
6311,6309,2,180
6309,6311,2,180
6311,6310,2,180
6310,6311,2,180
6311,6312,2,180
6312,6311,2,180
6311,6313,2,180
6313,6311,2,180
6311,6314,2,180
6314,6311,2,180
6311,6315,2,240
6315,6311,2,240
6311,6317,2,180
6317,6311,2,180
1110,1104,2,180
1104,1110,2,180
1110,1105,2,180
1105,1110,2,180
1110,1106,2,180
1106,1110,2,180
1110,1107,2,180
1107,1110,2,180
1110,1108,2,180
1108,1110,2,180
1110,1109,2,180
1109,1110,2,180
1110,1111,2,180
1111,1110,2,180
1110,1112,2,180
1112,1110,2,180
1110,1113,2,180
1113,1110,2,180
1110,11141,2,180
11141,1110,2,180
1110,11142,2,240
11142,1110,2,240
3918,3899,2,375
3899,3918,2,375
3918,3901,2,180
3901,3918,2,180
3918,3902,2,180
3902,3918,2,180
3918,3903,2,180
3903,3918,2,180
3918,3904,2,240
3904,3918,2,240
3918,3905,2,240
3905,3918,2,240
3918,3906,2,375
3906,3918,2,375
3918,3907,2,375
3907,3918,2,375
3918,3911,2,375
3911,3918,2,375
3918,3912,2,375
3912,3918,2,375
3918,3913,2,240
3913,3918,2,240
3918,3914,2,180
3914,3918,2,180
3918,3915,2,180
3915,3918,2,180
3918,3916,2,180
3916,3918,2,180
3918,3917,2,180
3917,3918,2,180
1308,1305,2,180
1305,1308,2,180
1308,1306,2,180
1306,1308,2,180
1308,1307,2,180
1307,1308,2,180
1308,1310,2,180
1310,1308,2,180
2003,2001,2,240
2001,2003,2,240
2003,2002,2,240
2002,2003,2,240
2003,23161,2,180
23161,2003,2,180
2003,23162,2,240
23162,2003,2,240
5202,5203,2,180
5203,5202,2,180
5202,5204,2,180
5204,5202,2,180
5202,5205,2,180
5205,5202,2,180
5202,5206,2,180
5206,5202,2,180
5202,5207,2,180
5207,5202,2,180
5202,5208,2,180
5208,5202,2,180
5202,5209,2,180
5209,5202,2,180
5202,5210,2,180
5210,5202,2,180
A0545,A0536,1,
A0536,A0545,1,
A0538,A0536,1,
A0536,A0538,1,
A0538,A0545,1,
A0545,A0538,1,
A0540,A0536,1,
A0536,A0540,1,
A0540,A0538,1,
A0538,A0540,1,
A0540,A0545,1,
A0545,A0540,1,
A0535,A0536,1,
A0536,A0535,1,
A0535,A0538,1,
A0538,A0535,1,
A0535,A0540,1,
A0540,A0535,1,
A0535,A0545,1,
A0545,A0535,1,
A0533,A0535,1,
A0535,A0533,1,
A0533,A0536,1,
A0536,A0533,1,
A0533,A0538,1,
A0538,A0533,1,
A0533,A0540,1,
A0540,A0533,1,
A0533,A0545,1,
A0545,A0533,1,
A0542,A0533,1,
A0533,A0542,1,
A0542,A0535,1,
A0535,A0542,1,
A0542,A0536,1,
A0536,A0542,1,
A0542,A0538,1,
A0538,A0542,1,
A0542,A0540,1,
A0540,A0542,1,
A0542,A0545,1,
A0545,A0542,1,
A0539,A0533,1,
A0533,A0539,1,
A0539,A0535,1,
A0535,A0539,1,
A0539,A0536,1,
A0536,A0539,1,
A0539,A0538,1,
A0538,A0539,1,
A0539,A0540,1,
A0540,A0539,1,
A0539,A0542,1,
A0542,A0539,1,
A0539,A0545,1,
A0545,A0539,1,
A0541,A0533,1,
A0533,A0541,1,
A0541,A0535,1,
A0535,A0541,1,
A0541,A0536,1,
A0536,A0541,1,
A0541,A0538,1,
A0538,A0541,1,
A0541,A0539,1,
A0539,A0541,1,
A0541,A0540,1,
A0540,A0541,1,
A0541,A0542,1,
A0542,A0541,1,
A0541,A0545,1,
A0545,A0541,1,
A0537,A0533,1,
A0533,A0537,1,
A0537,A0535,1,
A0535,A0537,1,
A0537,A0536,1,
A0536,A0537,1,
A0537,A0538,1,
A0538,A0537,1,
A0537,A0539,1,
A0539,A0537,1,
A0537,A0540,1,
A0540,A0537,1,
A0537,A0541,1,
A0541,A0537,1,
A0537,A0542,1,
A0542,A0537,1,
A0537,A0545,1,
A0545,A0537,1,
1304,1305,2,180
1305,1304,2,180
1304,1306,2,180
1306,1304,2,180
1304,1307,2,180
1307,1304,2,180
1304,1308,2,180
1308,1304,2,180
1304,1310,2,180
1310,1304,2,180
A0534,A0533,1,
A0533,A0534,1,
A0534,A0535,1,
A0535,A0534,1,
A0534,A0536,1,
A0536,A0534,1,
A0534,A0537,1,
A0537,A0534,1,
A0534,A0538,1,
A0538,A0534,1,
A0534,A0539,1,
A0539,A0534,1,
A0534,A0540,1,
A0540,A0534,1,
A0534,A0541,1,
A0541,A0534,1,
A0534,A0542,1,
A0542,A0534,1,
A0534,A0545,1,
A0545,A0534,1,
S7518,S7519,3,
S7519,S7518,3,
S7520,S7515,3,
S7515,S7520,3,
S7530,S7520,3,
S7520,S7530,3,
S8101,S8218,3,
S8218,S8101,3,
S8106,S8101,3,
S8101,S8106,3,
S7522,S7536,3,
S7536,S7522,3,
S7524,S7522,3,
S7522,S7524,3,
S7526,S7524,3,
S7524,S7526,3,
S7872,S7870,3,
S7870,S7872,3,
S7874,S7873,3,
S7873,S7874,3,
S8605,S8604,3,
S8604,S8605,3,
S8108,S8101,3,
S8101,S8108,3,
S8108,S8106,3,
S8106,S8108,3,
S9184,S9180,3,
S9180,S9184,3,
S1004,S1001,3,
S1001,S1004,3,
S8217,S8101,3,
S8101,S8217,3,
S8217,S8209,3,
S8209,S8217,3,
S8217,S8218,3,
S8218,S8217,3,
S1013,S1011,3,
S1011,S1013,3,
S1014,S1010,3,
S1010,S1014,3,
S1002,S1001,3,
S1001,S1002,3,
S1002,S1004,3,
S1004,S1002,3,
S1005,S1001,3,
S1001,S1005,3,
S1005,S1002,3,
S1002,S1005,3,
S1006,S1107,3,
S1107,S1006,3,
S9005,S9048,3,
S9048,S9005,3,
S8207,S8101,3,
S8101,S8207,3,
S8207,S8209,3,
S8209,S8207,3,
S8207,S8217,3,
S8217,S8207,3,
S8207,S8218,3,
S8218,S8207,3,
S8107,S8101,3,
S8101,S8107,3,
S8107,S8106,3,
S8106,S8107,3,
S8107,S8108,3,
S8108,S8107,3,
S8107,S8110,3,
S8110,S8107,3,
S8109,S8110,3,
S8110,S8109,3,
S8113,S8114,3,
S8114,S8113,3,
S8113,S8116,3,
S8116,S8113,3,
S8124,S8123,3,
S8123,S8124,3,
S8135,S8138,3,
S8138,S8135,3,
S7706,S7707,3,
S7707,S7706,3,
S7704,S7705,3,
S7705,S7704,3,
S7702,S7703,3,
S7703,S7702,3,
S7700,S7701,3,
S7701,S7700,3,
S7290,S7272,3,
S7272,S7290,3,
S7296,S7290,3,
S7290,S7296,3,
S7321,S7323,3,
S7323,S7321,3,
S7319,S7321,3,
S7321,S7319,3,
S7317,S7319,3,
S7319,S7317,3,
S7433,S7516,3,
S7516,S7433,3,
S7122,S7119,3,
S7119,S7122,3,
S7023,S7017,3,
S7017,S7023,3,
S1042,S7017,3,
S7017,S1042,3,
S1042,S7029,3,
S7029,S1042,3,
S1048,S1042,3,
S1042,S1048,3,
S7102,S1068,3,
S1068,S7102,3,
S8208,S8101,3,
S8101,S8208,3,
S8208,S8207,3,
S8207,S8208,3,
S8208,S8209,3,
S8209,S8208,3,
S8208,S8217,3,
S8217,S8208,3,
S8208,S8218,3,
S8218,S8208,3,
S7103,S1068,3,
S1068,S7103,3,
S7103,S7102,3,
S7102,S7103,3,
S7105,S7199,3,
S7199,S7105,3,
S1090,S1068,3,
S1068,S1090,3,
S1090,S7102,3,
S7102,S1090,3,
S1090,S7103,3,
S7103,S1090,3,
S1094,S1054,3,
S1054,S1094,3,
S1096,S1054,3,
S1054,S1096,3,
S1096,S1094,3,
S1094,S1096,3,
S1099,S1042,3,
S1042,S1099,3,
S1099,S1048,3,
S1048,S1099,3,
S1099,S7029,3,
S7029,S1099,3,
S7006,S1042,3,
S1042,S7006,3,
S7006,S1099,3,
S1099,S7006,3,
S7006,S7023,3,
S7023,S7006,3,
S7006,S7029,3,
S7029,S7006,3,
S7012,S7023,3,
S7023,S7012,3,
S7018,S7012,3,
S7012,S7018,3,
S7018,S7017,3,
S7017,S7018,3,
S7018,S7023,3,
S7023,S7018,3,
S7024,S7011,3,
S7011,S7024,3,
S7024,S7017,3,
S7017,S7024,3,
S7024,S7018,3,
S7018,S7024,3,
S7106,S7105,3,
S7105,S7106,3,
S7106,S7199,3,
S7199,S7106,3,
S8200,S8207,3,
S8207,S8200,3,
S8200,S8208,3,
S8208,S8200,3,
S8200,S8209,3,
S8209,S8200,3,
S8200,S8217,3,
S8217,S8200,3,
S8117,S8116,3,
S8116,S8117,3,
S8117,S8123,3,
S8123,S8117,3,
S8117,S8124,3,
S8124,S8117,3,
S8115,S8116,3,
S8116,S8115,3,
S8115,S8117,3,
S8117,S8115,3,
S8317,S8115,3,
S8115,S8317,3,
S8319,S8317,3,
S8317,S8319,3,
S7435,S7433,3,
S7433,S7435,3,
S7435,S7516,3,
S7516,S7435,3,
S7513,S7515,3,
S7515,S7513,3,
S7506,S7509,3,
S7509,S7506,3,
S8849,S8851,3,
S8851,S8849,3,
S8210,S8200,3,
S8200,S8210,3,
S8210,S8207,3,
S8207,S8210,3,
S8210,S8208,3,
S8208,S8210,3,
S8210,S8209,3,
S8209,S8210,3,
S8210,S8217,3,
S8217,S8210,3,
S8210,S8218,3,
S8218,S8210,3,
S1088,S1010,3,
S1010,S1088,3,
S1033,S1052,3,
S1052,S1033,3,
S1007,S1001,3,
S1001,S1007,3,
S1007,S1002,3,
S1002,S1007,3,
S1007,S1005,3,
S1005,S1007,3,
S1008,S1005,3,
S1005,S1008,3,
S1008,S1007,3,
S1007,S1008,3,
S6091,S6085,3,
S6085,S6091,3,
S6103,S6097,3,
S6097,S6103,3,
S6053,S6047,3,
S6047,S6053,3,
S6059,S6053,3,
S6053,S6059,3,
S6065,S6059,3,
S6059,S6065,3,
S4204,S4205,3,
S4205,S4204,3,
S6006,S5149,3,
S5149,S6006,3,
S4006,S6065,3,
S6065,S4006,3,
S5040,S5149,3,
S5149,S5040,3,
S5040,S6006,3,
S6006,S5040,3,
S5044,S5040,3,
S5040,S5044,3,
S5046,S5044,3,
S5044,S5046,3,
S5054,S5048,3,
S5048,S5054,3,
S5096,S5090,3,
S5090,S5096,3,
S5120,S5114,3,
S5114,S5120,3,
S5126,S4805,3,
S4805,S5126,3,
S5144,S5138,3,
S5138,S5144,3,
S8216,S8101,3,
S8101,S8216,3,
S8216,S8200,3,
S8200,S8216,3,
S8216,S8207,3,
S8207,S8216,3,
S8216,S8208,3,
S8208,S8216,3,
S8216,S8209,3,
S8209,S8216,3,
S8216,S8210,3,
S8210,S8216,3,
S8216,S8217,3,
S8217,S8216,3,
S8216,S8218,3,
S8218,S8216,3,
S6012,S4006,3,
S4006,S6012,3,
S6012,S6059,3,
S6059,S6012,3,
S6012,S6065,3,
S6065,S6012,3,
S6018,S6012,3,
S6012,S6018,3,
S6018,S6053,3,
S6053,S6018,3,
S6018,S6059,3,
S6059,S6018,3,
S6024,S6018,3,
S6018,S6024,3,
S6024,S6047,3,
S6047,S6024,3,
S6024,S6053,3,
S6053,S6024,3,
S6030,S6041,3,
S6041,S6030,3,
S6030,S6047,3,
S6047,S6030,3,
S6036,S6030,3,
S6030,S6036,3,
S6036,S6041,3,
S6041,S6036,3,
S6127,S6090,3,
S6090,S6127,3,
S6127,S6121,3,
S6121,S6127,3,
S6102,S6115,3,
S6115,S6102,3,
S6102,S6121,3,
S6121,S6102,3,
S6108,S6115,3,
S6115,S6108,3,
S6126,S6109,3,
S6109,S6126,3,
S6132,S6097,3,
S6097,S6132,3,
S6132,S6103,3,
S6103,S6132,3,
S6138,S6097,3,
S6097,S6138,3,
S6138,S6132,3,
S6132,S6138,3,
S6144,S6085,3,
S6085,S6144,3,
S6144,S6091,3,
S6091,S6144,3,
S6150,S6085,3,
S6085,S6150,3,
S6150,S6091,3,
S6091,S6150,3,
S6150,S6144,3,
S6144,S6150,3,
S6156,S6079,3,
S6079,S6156,3,
S1009,S1001,3,
S1001,S1009,3,
S1009,S1005,3,
S1005,S1009,3,
S1009,S1007,3,
S1007,S1009,3,
S1009,S1008,3,
S1008,S1009,3,
S1018,S1019,3,
S1019,S1018,3,
S1030,S1024,3,
S1024,S1030,3,
S1030,S1033,3,
S1033,S1030,3,
S1038,S1033,3,
S1033,S1038,3,
S1038,S1052,3,
S1052,S1038,3,
S1071,S1072,3,
S1072,S1071,3,
S1077,S1072,3,
S1072,S1077,3,
S1077,S1084,3,
S1084,S1077,3,
S1085,S1077,3,
S1077,S1085,3,
S1085,S1084,3,
S1084,S1085,3,
S1087,S1077,3,
S1077,S1087,3,
S1087,S1084,3,
S1084,S1087,3,
S1087,S1085,3,
S1085,S1087,3,
S1087,S1088,3,
S1088,S1087,3,
S5005,S1010,3,
S1010,S5005,3,
S5005,S1014,3,
S1014,S5005,3,
S5005,S5156,3,
S5156,S5005,3,
S5011,S5144,3,
S5144,S5011,3,
S5011,S5150,3,
S5150,S5011,3,
S5023,S5138,3,
S5138,S5023,3,
S5029,S5132,3,
S5132,S5029,3,
S5035,S5126,3,
S5126,S5035,3,
S4036,S4805,3,
S4805,S4036,3,
S4036,S5126,3,
S5126,S4036,3,
S5041,S5114,3,
S5114,S5041,3,
S5041,S5120,3,
S5120,S5041,3,
S5047,S5114,3,
S5114,S5047,3,
S5047,S5120,3,
S5120,S5047,3,
S5065,S4030,3,
S4030,S5065,3,
S5071,S5078,3,
S5078,S5071,3,
S5071,S5090,3,
S5090,S5071,3,
S5071,S5096,3,
S5096,S5071,3,
S5077,S5071,3,
S5071,S5077,3,
S5077,S5078,3,
S5078,S5077,3,
S5077,S5090,3,
S5090,S5077,3,
S5077,S5096,3,
S5096,S5077,3,
S5083,S5077,3,
S5077,S5083,3,
S5083,S5078,3,
S5078,S5083,3,
S5089,S5072,3,
S5072,S5089,3,
S5095,S5048,3,
S5048,S5095,3,
S5095,S5054,3,
S5054,S5095,3,
S5101,S5054,3,
S5054,S5101,3,
S5101,S5095,3,
S5095,S5101,3,
S5107,S5048,3,
S5048,S5107,3,
S5107,S5054,3,
S5054,S5107,3,
S5107,S5095,3,
S5095,S5107,3,
S5107,S5101,3,
S5101,S5107,3,
S5109,S5046,3,
S5046,S5109,3,
S5109,S5048,3,
S5048,S5109,3,
S5109,S5107,3,
S5107,S5109,3,
S5111,S5040,3,
S5040,S5111,3,
S5111,S5044,3,
S5044,S5111,3,
S5111,S5046,3,
S5046,S5111,3,
S5111,S5109,3,
S5109,S5111,3,
S5115,S5040,3,
S5040,S5115,3,
S5115,S5044,3,
S5044,S5115,3,
S5115,S5111,3,
S5111,S5115,3,
S5115,S5149,3,
S5149,S5115,3,
S5115,S6006,3,
S6006,S5115,3,
S8213,S8200,3,
S8200,S8213,3,
S8213,S8207,3,
S8207,S8213,3,
S8213,S8208,3,
S8208,S8213,3,
S8213,S8209,3,
S8209,S8213,3,
S8213,S8210,3,
S8210,S8213,3,
S8213,S8216,3,
S8216,S8213,3,
S8213,S8217,3,
S8217,S8213,3,
S8213,S8218,3,
S8218,S8213,3,
1309,1304,2,180
1304,1309,2,180
1309,1305,2,180
1305,1309,2,180
1309,1306,2,180
1306,1309,2,180
1309,1307,2,180
1307,1309,2,180
1309,1308,2,180
1308,1309,2,180
1309,1310,2,180
1310,1309,2,180
S9234,S9236,3,
S9236,S9234,3,
S9222,S9224,3,
S9224,S9222,3,
S4937,S4939,3,
S4939,S4937,3,
S4933,S4935,3,
S4935,S4933,3,
S4206,S4204,3,
S4204,S4206,3,
S4206,S4205,3,
S4205,S4206,3,
S8211,S8200,3,
S8200,S8211,3,
S8211,S8207,3,
S8207,S8211,3,
S8211,S8208,3,
S8208,S8211,3,
S8211,S8209,3,
S8209,S8211,3,
S8211,S8210,3,
S8210,S8211,3,
S8211,S8213,3,
S8213,S8211,3,
S8211,S8216,3,
S8216,S8211,3,
S8211,S8217,3,
S8217,S8211,3,
S8211,S8218,3,
S8218,S8211,3,
S4913,S6018,3,
S6018,S4913,3,
S4913,S6059,3,
S6059,S4913,3,
S4934,S4933,3,
S4933,S4934,3,
S4934,S4935,3,
S4935,S4934,3,
S4936,S4937,3,
S4937,S4936,3,
S4938,S4939,3,
S4939,S4938,3,
S9462,S9351,3,
S9351,S9462,3,
S9462,S9352,3,
S9352,S9462,3,
S9157,S9115,3,
S9115,S9157,3,
S9159,S9117,3,
S9117,S9159,3,
S9206,S9223,3,
S9223,S9206,3,
S9219,S9222,3,
S9222,S9219,3,
S9219,S9224,3,
S9224,S9219,3,
S9225,S9224,3,
S9224,S9225,3,
S9229,S9228,3,
S9228,S9229,3,
S9233,S9234,3,
S9234,S9233,3,
S9233,S9236,3,
S9236,S9233,3,
S9235,S9233,3,
S9233,S9235,3,
S9235,S9234,3,
S9234,S9235,3,
S9235,S9236,3,
S9236,S9235,3,
S9237,S9238,3,
S9238,S9237,3,
S9237,S9240,3,
S9240,S9237,3,
S9239,S9240,3,
S9240,S9239,3,
S9160,S9150,3,
S9150,S9160,3,
S8205,S8101,3,
S8101,S8205,3,
S8205,S8200,3,
S8200,S8205,3,
S8205,S8207,3,
S8207,S8205,3,
S8205,S8208,3,
S8208,S8205,3,
S8205,S8209,3,
S8209,S8205,3,
S8205,S8210,3,
S8210,S8205,3,
S8205,S8211,3,
S8211,S8205,3,
S8205,S8213,3,
S8213,S8205,3,
S8205,S8216,3,
S8216,S8205,3,
S8205,S8217,3,
S8217,S8205,3,
S8205,S8218,3,
S8218,S8205,3,
S8706,S8704,3,
S8704,S8706,3,
S8802,S8806,3,
S8806,S8802,3,
S8808,S8804,3,
S8804,S8808,3,
S8812,S8811,3,
S8811,S8812,3,
S8814,S8812,3,
S8812,S8814,3,
S8816,S8814,3,
S8814,S8816,3,
S8013,S8012,3,
S8012,S8013,3,
S8009,S8010,3,
S8010,S8009,3,
S8009,S8011,3,
S8011,S8009,3,
S6054,S6048,3,
S6048,S6054,3,
S6060,S6054,3,
S6054,S6060,3,
S8206,S8101,3,
S8101,S8206,3,
S8206,S8200,3,
S8200,S8206,3,
S8206,S8205,3,
S8205,S8206,3,
S8206,S8207,3,
S8207,S8206,3,
S8206,S8208,3,
S8208,S8206,3,
S8206,S8209,3,
S8209,S8206,3,
S8206,S8210,3,
S8210,S8206,3,
S8206,S8211,3,
S8211,S8206,3,
S8206,S8213,3,
S8213,S8206,3,
S8206,S8216,3,
S8216,S8206,3,
S8206,S8217,3,
S8217,S8206,3,
S8206,S8218,3,
S8218,S8206,3,
S2001,S1007,3,
S1007,S2001,3,
S2001,S1008,3,
S1008,S2001,3,
S4200,S4204,3,
S4204,S4200,3,
S4200,S4205,3,
S4205,S4200,3,
S4200,S4206,3,
S4206,S4200,3,
S8214,S8101,3,
S8101,S8214,3,
S8214,S8200,3,
S8200,S8214,3,
S8214,S8205,3,
S8205,S8214,3,
S8214,S8206,3,
S8206,S8214,3,
S8214,S8207,3,
S8207,S8214,3,
S8214,S8208,3,
S8208,S8214,3,
S8214,S8209,3,
S8209,S8214,3,
S8214,S8210,3,
S8210,S8214,3,
S8214,S8211,3,
S8211,S8214,3,
S8214,S8213,3,
S8213,S8214,3,
S8214,S8216,3,
S8216,S8214,3,
S8214,S8217,3,
S8217,S8214,3,
S8214,S8218,3,
S8218,S8214,3,
S4605,S2158,3,
S2158,S4605,3,
S4611,S4376,3,
S4376,S4611,3,
S4617,S4370,3,
S4370,S4617,3,
S8005,S4805,3,
S4805,S8005,3,
S4201,S4200,3,
S4200,S4201,3,
S4201,S4204,3,
S4204,S4201,3,
S4201,S4205,3,
S4205,S4201,3,
S4201,S4206,3,
S4206,S4201,3,
S7921,S7920,3,
S7920,S7921,3,
S7903,S7904,3,
S7904,S7903,3,
S7901,S7902,3,
S7902,S7901,3,
S7910,S7901,3,
S7901,S7910,3,
S7910,S7902,3,
S7902,S7910,3,
S7857,S7914,3,
S7914,S7857,3,
S7508,S7506,3,
S7506,S7508,3,
S7508,S7509,3,
S7509,S7508,3,
S7510,S7511,3,
S7511,S7510,3,
S7512,S7513,3,
S7513,S7512,3,
S7514,S7513,3,
S7513,S7514,3,
S7514,S7515,3,
S7515,S7514,3,
S7436,S7433,3,
S7433,S7436,3,
S7436,S7435,3,
S7435,S7436,3,
S7436,S7516,3,
S7516,S7436,3,
S7438,S7437,3,
S7437,S7438,3,
S7601,S7600,3,
S7600,S7601,3,
S7603,S7602,3,
S7602,S7603,3,
S7605,S7604,3,
S7604,S7605,3,
S8322,S8317,3,
S8317,S8322,3,
S8322,S8319,3,
S8319,S8322,3,
S8320,S8115,3,
S8115,S8320,3,
S8320,S8317,3,
S8317,S8320,3,
S8320,S8319,3,
S8319,S8320,3,
S8320,S8322,3,
S8322,S8320,3,
S8118,S8115,3,
S8115,S8118,3,
S8118,S8116,3,
S8116,S8118,3,
S8118,S8117,3,
S8117,S8118,3,
S8118,S8317,3,
S8317,S8118,3,
S8118,S8320,3,
S8320,S8118,3,
S8201,S8200,3,
S8200,S8201,3,
S8201,S8205,3,
S8205,S8201,3,
S8201,S8206,3,
S8206,S8201,3,
S8201,S8207,3,
S8207,S8201,3,
S8201,S8208,3,
S8208,S8201,3,
S8201,S8209,3,
S8209,S8201,3,
S8201,S8210,3,
S8210,S8201,3,
S8201,S8211,3,
S8211,S8201,3,
S8201,S8213,3,
S8213,S8201,3,
S8201,S8214,3,
S8214,S8201,3,
S8201,S8216,3,
S8216,S8201,3,
S8201,S8217,3,
S8217,S8201,3,
S8201,S8218,3,
S8218,S8201,3,
S8112,S8114,3,
S8114,S8112,3,
S8112,S8305,3,
S8305,S8112,3,
S8848,S8849,3,
S8849,S8848,3,
S8848,S8851,3,
S8851,S8848,3,
S8846,S8847,3,
S8847,S8846,3,
S8844,S8846,3,
S8846,S8844,3,
S8844,S8847,3,
S8847,S8844,3,
S8842,S8844,3,
S8844,S8842,3,
S7923,S7920,3,
S7920,S7923,3,
S7923,S7922,3,
S7922,S7923,3,
S4202,S4200,3,
S4200,S4202,3,
S4202,S4201,3,
S4201,S4202,3,
S4202,S4204,3,
S4204,S4202,3,
S4202,S4205,3,
S4205,S4202,3,
S4202,S4206,3,
S4206,S4202,3,
S8202,S8200,3,
S8200,S8202,3,
S8202,S8201,3,
S8201,S8202,3,
S8202,S8205,3,
S8205,S8202,3,
S8202,S8206,3,
S8206,S8202,3,
S8202,S8207,3,
S8207,S8202,3,
S8202,S8208,3,
S8208,S8202,3,
S8202,S8209,3,
S8209,S8202,3,
S8202,S8210,3,
S8210,S8202,3,
S8202,S8211,3,
S8211,S8202,3,
S8202,S8213,3,
S8213,S8202,3,
S8202,S8214,3,
S8214,S8202,3,
S8202,S8216,3,
S8216,S8202,3,
S8202,S8217,3,
S8217,S8202,3,
S8202,S8218,3,
S8218,S8202,3,
S8212,S8200,3,
S8200,S8212,3,
S8212,S8201,3,
S8201,S8212,3,
S8212,S8202,3,
S8202,S8212,3,
S8212,S8205,3,
S8205,S8212,3,
S8212,S8206,3,
S8206,S8212,3,
S8212,S8207,3,
S8207,S8212,3,
S8212,S8208,3,
S8208,S8212,3,
S8212,S8209,3,
S8209,S8212,3,
S8212,S8210,3,
S8210,S8212,3,
S8212,S8211,3,
S8211,S8212,3,
S8212,S8213,3,
S8213,S8212,3,
S8212,S8214,3,
S8214,S8212,3,
S8212,S8216,3,
S8216,S8212,3,
S8212,S8217,3,
S8217,S8212,3,
S8212,S8218,3,
S8218,S8212,3,
